
L1 =[

    1.1225   -0.9649   -0.1576
   -0.9649    3.8767   -2.9118
   -0.1576   -2.9118    3.0694
   ];


