function [L ] = Get_GauCorMat( T )
%UNTITLED 此处显示有关此函数的摘要
%   此处显示详细说明
if T == 3
    L =[

    1.1225   -0.9649   -0.1576
   -0.9649    3.8767   -2.9118
   -0.1576   -2.9118    3.0694
   ];
end

if T ==4
    L = [
    7.5516   -2.7569   -2.9926   -1.8022
   -2.7569    3.3825   -0.1676   -0.4580
   -2.9926   -0.1676    4.9869   -1.8267
   -1.8022   -0.4580   -1.8267    4.0868
   ];

end

